78482
84957
88232
91443
91818
91820
92396
92603
92824
92838
93533
94379
95487
95756
96512
96606
96644
96661
96671
96674
96677
96680
96687
96696
96712
96719
96724
96748
96755
96759
96819
96900
96903
96906
96911
96924
96926
96928
97095
97492
97534
97611
97931
98023
98136
98139
98141
98146
98152
98306
98344
98514
98569
98615
98631
98660
98777
98875
99277
99355
99408
99538
99608
99857
100034
100092
100278
100327
100364
100456
100474
100520
100552
100560
100662
100721
100731
100733
100738
100741
100821
100979
101186
101191
101276
101499
101655
102225
102251
102278
102425
102648
102732
102735
102738
102741
102743
102750
102804
102817
102825
102827
102830
102832
102836
103004
103084
103165
103398
103496
103586
103701
103747
103987
103991
104058
104060
104082
104172
104224
104236
104240
104275
104280
104283
104285
104287
104289
104291
104295
104297
104301
104304
104306
104318
104321
104325
104345
104348
104352
104355
104358
104362
104364
104386
104393
104401
104428
104445
104447
104449
104451
104453
104455
104457
104468
104477
104482
104485
104488
104558
104569
104629
104676
104693
104726
104732
104735
104816
104818
104836
104838
104842
104852
104858
104867
104901
104903
104905
104907
104909
104911
105007
105013
105044
105046
105049
105051
105069
105083
105121
105123
105126
105128
105130
105200
105206
105213
105223
105358
105407
105453
105470
105484
105510
105539
105583
105625
105684
105700
105703
105706
105708
105723
105742
105767
105769
105771
105773
105775
105777
105779
105812
105888
105922
105948
105975
105994
106008
106042
106074
106089
106134
106138
106229
106251
106257
106265
106307
106316
106340
106348
106386
106392
106439
106441
106475
106492
106502
106586
106624
106652
106660
106718
106723
106775
106821
106843
106845
106847
106849
106851
106886
106961
106963
106995
107022
107044
107046
107090
107101
107116
107124
107130
107187
107193
107211
107218
107226
107230
107236
107284
107293
107302
107308
107340
107354
107356
107380
107387
107391
107394
107409
107414
107418
107421
107431
107438
107445
107447
107450
107460
107463
107467
107469
107472
107479
107485
107489
107493
107495
107497
107499
107501
107504
107507
107510
107514
107521
107524
107528
107537
107539
107542
107545
107549
107557
107560
107562
107564
107567
107572
107575
107578
107581
107583
107585
107588
107591
107614
107630
107641
107667
107678
107696
107709
107732
107757
107762
107775
107785
107793
107806
107827
107829
107833
107859
107864
107868
107871
107874
107876
107878
107885
107888
107893
107907
107920
107930
107935
107937
107939
107941
107943
107945
107947
107949
107952
107963
107968
107991
108050
108074
108092
108099
108101
108103
108106
108108
108110
108117
108133
108141
108143
108145
108149
108160
108163
108166
108180
108208
108216
108220
108233
108238
108243
108245
108250
108254
108269
108272
108275
108285
108302
108304
108306
108308
108311
108313
108316
108318
108320
108323
108330
108334
108336
108338
108344
108346
108348
108351
108353
108355
108358
108360
108363
108365
108367
108369
108371
108373
108377
108379
108381
108383
108385
108388
108390
108392
108394
108396
108398
108400
108402
108404
108406
108408
108411
108414
108416
108418
108420
108423
108429
108435
108438
108446
108472
108475
108477
108479
108481
108484
108486
108488
108490
108495
108505
108507
108509
108511
108516
108518
108521
108526
108528
108530
108533
108535
108537
108539
108541
108544
108546
108548
108550
108552
108554
108556
108558
108560
108562
108564
108566
108568
108570
108572
108574
108578
108581
108583
108585
108587
108595
108597
108600
108612
108614
108616
108618
108620
108622
108624
108627
108630
108632
108634
108636
108641
108645
108647
108654
108666
108671
108675
108677
108679
108682
108684
108688
108691
108693
108696
108698
108700
108707
108711
108713
108726
108744
108757
108760
108764
108769
108774
108783
108788
108790
108792
108794
108798
108804
108806
108809
108812
108814
108816
108819
108821
108824
108828
108830
108834
108837
108841
108844
108854
108857
108863
108867
108869
108871
108874
108878
108880
108882
108887
108893
108907
108910
108913
108922
108927
108929
108931
108933
108936
108941
108943
108945
108947
108949
108951
108963
108971
108974
108976
108983
108987
108992
108995
108999
109002
109004
109006
109009
109011
109014
109016
109018
109020
109022
109025
109027
109034
109038
109040
109043
109046
109049
109051
109054
109058
109060
109063
109070
109074
109076
109080
109085
109087
109090
109092
109094
109098
109101
109109
109116
109120
109129
109133
109136
109140
109145
109147
109149
109151
109153
109156
109161
109163
109165
109169
109171
109173
109175
109177
109179
109182
109184
109186
109190
109195
109199
109202
109208
109210
109212
109217
109222
109226
109228
109231
109235
109238
109241
109245
109249
109252
109255
109259
109261
109263
109266
109271
109275
109284
109286
109288
109290
109297
109300
109304
109307
109312
109315
109317
109319
109322
109328
109332
109336
109339
109342
109345
109347
109351
109353
109355
109358
109361
109367
109369
109371
109377
109384
109388
109391
109393
109396
109399
109405
109410
109412
109414
109416
109421
109423
109426
109430
109432
109435
109439
109442
109444
109446
109448
109453
109455
109457
109459
109461
109463
109465
109467
109469
109473
109475
109482
109489
109492
109495
109498
109502
109504
109506
109508
109512
109514
109516
109520
109522
109524
109526
109528
109531
109538
109540
109543
109546
109549
109551
109553
109556
109561
109564
109566
109569
109573
109579
109581
109583
109585
109588
109591
